{
  "nbformat": 4,
  "nbformat_minor": 0,
  "metadata": {
    "kernelspec": {
      "display_name": "Python 3",
      "language": "python",
      "name": "python3"
    },
    "language_info": {
      "codemirror_mode": {
        "name": "ipython",
        "version": 3
      },
      "file_extension": ".py",
      "mimetype": "text/x-python",
      "name": "python",
      "nbconvert_exporter": "python",
      "pygments_lexer": "ipython3",
      "version": "3.8.8"
    },
    "colab": {
      "name": "Optimization_HW1.ipynb",
      "provenance": [],
      "collapsed_sections": []
    }
  },
  "cells": [
    {
      "cell_type": "markdown",
      "metadata": {
        "id": "3qlkpnxFth3i"
      },
      "source": [
        "#HomeWork 1\n",
        "### Submitted by: <b>Soumi Basu (EID: sb59982)</b>\n",
        "\n",
        "\n",
        "\n",
        "###<b>Question 1</b>\n",
        "A bank makes four kinds of loans to its customers and these loans yield the following annual interest rates to the bank:\n",
        "\n",
        "- First mortgage 14%\n",
        "- Second mortgage 20%\n",
        "- Home improvement 20%\n",
        "- Personal overdraft 10%\n",
        "\n",
        "We are interested in the bank’s lending strategy. The information we know is as following:\n",
        "\n",
        "1. In total $250 million is lent out.\n",
        "2. First mortgages are 55% of all mortgages (i.e. first and second mortgage) issued.\n",
        "\n",
        "3. Second mortgages are 25% of all loans issued.\n",
        "4. The dollar-weighted average interest rate on all loans is 15%.\n",
        "\n",
        "Calculate the lending strategy using matrix inversion.  How much is lent in home improvement loans?\n",
        "\n",
        " \n",
        "\n",
        "Answer in millions of dollars, rounded to 2 decimal places.  If the answer is $23080444.12, then you should enter 23.08."
      ]
    },
    {
      "cell_type": "markdown",
      "metadata": {
        "id": "S3-EZMpPw-28"
      },
      "source": [
        "#Answer:\n",
        "Let the money lent by the bank under First mortgage be A, under Second mortgage be B, Home improvement be C and Personal overdraft be D.\n",
        "\n",
        "Then from the equations given:\n",
        "\n",
        "    A + B + C + D = 250 (million)\n",
        "    A = 0.55(A + B)\n",
        "    B = 0.25(A + B + C + D)\n",
        "    0.14A + 0.2B + 0.2C + 0.1D = 0.15*250 = 37.5 (million)\n",
        "\n"
      ]
    },
    {
      "cell_type": "code",
      "metadata": {
        "id": "o0pJhpqeta1h"
      },
      "source": [
        "import numpy as np"
      ],
      "execution_count": 2,
      "outputs": []
    },
    {
      "cell_type": "code",
      "metadata": {
        "colab": {
          "base_uri": "https://localhost:8080/"
        },
        "id": "LuOe5Yf7tcx1",
        "outputId": "9a3d681a-6dfd-4f49-a720-aef9f207ab85"
      },
      "source": [
        "A = np.zeros((4,4))\n",
        "A[0,:] = [1,1,1,1]\n",
        "A[1,:] = [0.45, -.55,0,0]\n",
        "A[2,:] = [0.25, -0.75, 0.25, 0.25]\n",
        "A[3,:] = [0.14,0.2,0.2,0.1]\n",
        "A"
      ],
      "execution_count": null,
      "outputs": [
        {
          "output_type": "execute_result",
          "data": {
            "text/plain": [
              "array([[ 1.  ,  1.  ,  1.  ,  1.  ],\n",
              "       [ 0.45, -0.55,  0.  ,  0.  ],\n",
              "       [ 0.25, -0.75,  0.25,  0.25],\n",
              "       [ 0.14,  0.2 ,  0.2 ,  0.1 ]])"
            ]
          },
          "metadata": {},
          "execution_count": 3
        }
      ]
    },
    {
      "cell_type": "code",
      "metadata": {
        "colab": {
          "base_uri": "https://localhost:8080/"
        },
        "id": "b0J-sgxKtc0a",
        "outputId": "fb7ecc32-13aa-4cf6-c516-2209fa8a8c8d"
      },
      "source": [
        "B = np.array([250,0,0,37.5])\n",
        "B"
      ],
      "execution_count": null,
      "outputs": [
        {
          "output_type": "execute_result",
          "data": {
            "text/plain": [
              "array([250. ,   0. ,   0. ,  37.5])"
            ]
          },
          "metadata": {},
          "execution_count": 4
        }
      ]
    },
    {
      "cell_type": "code",
      "metadata": {
        "colab": {
          "base_uri": "https://localhost:8080/"
        },
        "id": "22HpaG4Jtc3S",
        "outputId": "094625c6-1227-4f51-d35e-dbeffa5231a5"
      },
      "source": [
        "x = np.linalg.solve(A,B)\n",
        "x"
      ],
      "execution_count": null,
      "outputs": [
        {
          "output_type": "execute_result",
          "data": {
            "text/plain": [
              "array([76.38888889, 62.5       , 31.94444444, 79.16666667])"
            ]
          },
          "metadata": {},
          "execution_count": 6
        }
      ]
    },
    {
      "cell_type": "markdown",
      "metadata": {
        "id": "5Rm8xNByzdQb"
      },
      "source": [
        "The loan amount lend via home improvement loans is C which is **$31.94 million**.\n",
        "\n",
        "\n",
        "\n",
        "\n",
        "###<b>Question 2</b>\n",
        "\n",
        "\n",
        "####Part 1"
      ]
    },
    {
      "cell_type": "code",
      "metadata": {
        "id": "I4mb7zfntc6D",
        "colab": {
          "base_uri": "https://localhost:8080/"
        },
        "outputId": "84348727-98c8-4ed6-e372-6046d1fe5a5b"
      },
      "source": [
        "X = np.zeros((10,5))\n",
        "\n",
        "X[:,0] = [1,1,1,1,0,0,0,0,0,0]\n",
        "X[:,1] = [-1,0,0,0,1,1,1,0,0,0]\n",
        "X[:,2] = [0,-1,0,0,-1,0,0,1,1,0]\n",
        "X[:,3] = [0,0,-1,0,0,-1,0,-1,0,1]\n",
        "X[:,4] = [0,0,0,-1,0,0,-1,0,-1,-1]\n",
        "\n",
        "X"
      ],
      "execution_count": 10,
      "outputs": [
        {
          "output_type": "execute_result",
          "data": {
            "text/plain": [
              "array([[ 1., -1.,  0.,  0.,  0.],\n",
              "       [ 1.,  0., -1.,  0.,  0.],\n",
              "       [ 1.,  0.,  0., -1.,  0.],\n",
              "       [ 1.,  0.,  0.,  0., -1.],\n",
              "       [ 0.,  1., -1.,  0.,  0.],\n",
              "       [ 0.,  1.,  0., -1.,  0.],\n",
              "       [ 0.,  1.,  0.,  0., -1.],\n",
              "       [ 0.,  0.,  1., -1.,  0.],\n",
              "       [ 0.,  0.,  1.,  0., -1.],\n",
              "       [ 0.,  0.,  0.,  1., -1.]])"
            ]
          },
          "metadata": {},
          "execution_count": 10
        }
      ]
    },
    {
      "cell_type": "code",
      "metadata": {
        "colab": {
          "base_uri": "https://localhost:8080/"
        },
        "id": "arE7xLCsm-uL",
        "outputId": "49b2d2ae-bfff-42a0-92d9-b6f6c01baac7"
      },
      "source": [
        "y = np.array([[-45,-3,-31,-45,18,8,20,2,-27,-38]])\n",
        "Y = y.T\n",
        "Y"
      ],
      "execution_count": 23,
      "outputs": [
        {
          "output_type": "execute_result",
          "data": {
            "text/plain": [
              "array([[-45],\n",
              "       [ -3],\n",
              "       [-31],\n",
              "       [-45],\n",
              "       [ 18],\n",
              "       [  8],\n",
              "       [ 20],\n",
              "       [  2],\n",
              "       [-27],\n",
              "       [-38]])"
            ]
          },
          "metadata": {},
          "execution_count": 23
        }
      ]
    },
    {
      "cell_type": "markdown",
      "metadata": {
        "id": "swH5pieKu2VK"
      },
      "source": [
        "####Part 2"
      ]
    },
    {
      "cell_type": "code",
      "metadata": {
        "colab": {
          "base_uri": "https://localhost:8080/"
        },
        "id": "UF62eNB9usZa",
        "outputId": "e776ce42-e41a-4894-bb7b-c48f16b5305e"
      },
      "source": [
        "M = X.T@X\n",
        "M"
      ],
      "execution_count": 25,
      "outputs": [
        {
          "output_type": "execute_result",
          "data": {
            "text/plain": [
              "array([[ 4., -1., -1., -1., -1.],\n",
              "       [-1.,  4., -1., -1., -1.],\n",
              "       [-1., -1.,  4., -1., -1.],\n",
              "       [-1., -1., -1.,  4., -1.],\n",
              "       [-1., -1., -1., -1.,  4.]])"
            ]
          },
          "metadata": {},
          "execution_count": 25
        }
      ]
    },
    {
      "cell_type": "code",
      "metadata": {
        "colab": {
          "base_uri": "https://localhost:8080/"
        },
        "id": "LoqZRb2B0Usb",
        "outputId": "62c394af-0787-499b-f00c-9ba2412e6b51"
      },
      "source": [
        "p = X.T@Y\n",
        "p"
      ],
      "execution_count": 26,
      "outputs": [
        {
          "output_type": "execute_result",
          "data": {
            "text/plain": [
              "array([[-124.],\n",
              "       [  91.],\n",
              "       [ -40.],\n",
              "       [ -17.],\n",
              "       [  90.]])"
            ]
          },
          "metadata": {},
          "execution_count": 26
        }
      ]
    },
    {
      "cell_type": "markdown",
      "metadata": {
        "id": "Fa3zYWdp3khQ"
      },
      "source": [
        "####Part 3"
      ]
    },
    {
      "cell_type": "code",
      "metadata": {
        "colab": {
          "base_uri": "https://localhost:8080/"
        },
        "id": "H2hhMSm-1wyB",
        "outputId": "fa401d07-9136-4269-f1b7-73bd94696f9f"
      },
      "source": [
        "M[4,:] = [1,1,1,1,1]\n",
        "M"
      ],
      "execution_count": 27,
      "outputs": [
        {
          "output_type": "execute_result",
          "data": {
            "text/plain": [
              "array([[ 4., -1., -1., -1., -1.],\n",
              "       [-1.,  4., -1., -1., -1.],\n",
              "       [-1., -1.,  4., -1., -1.],\n",
              "       [-1., -1., -1.,  4., -1.],\n",
              "       [ 1.,  1.,  1.,  1.,  1.]])"
            ]
          },
          "metadata": {},
          "execution_count": 27
        }
      ]
    },
    {
      "cell_type": "code",
      "metadata": {
        "colab": {
          "base_uri": "https://localhost:8080/"
        },
        "id": "0J1JAs3_18Wl",
        "outputId": "e301c0ab-3b22-46b3-b77e-e41de409460f"
      },
      "source": [
        "p[4,:] = [0]\n",
        "p"
      ],
      "execution_count": 28,
      "outputs": [
        {
          "output_type": "execute_result",
          "data": {
            "text/plain": [
              "array([[-124.],\n",
              "       [  91.],\n",
              "       [ -40.],\n",
              "       [ -17.],\n",
              "       [   0.]])"
            ]
          },
          "metadata": {},
          "execution_count": 28
        }
      ]
    },
    {
      "cell_type": "markdown",
      "metadata": {
        "id": "CJkcBqar3CKz"
      },
      "source": [
        ""
      ]
    },
    {
      "cell_type": "code",
      "metadata": {
        "id": "vMidbGqatc8r",
        "colab": {
          "base_uri": "https://localhost:8080/"
        },
        "outputId": "6513d0d4-077d-4dff-fabf-2184457baa89"
      },
      "source": [
        "r = np.linalg.solve(M,p)\n",
        "r"
      ],
      "execution_count": 29,
      "outputs": [
        {
          "output_type": "execute_result",
          "data": {
            "text/plain": [
              "array([[-24.8],\n",
              "       [ 18.2],\n",
              "       [ -8. ],\n",
              "       [ -3.4],\n",
              "       [ 18. ]])"
            ]
          },
          "metadata": {},
          "execution_count": 29
        }
      ]
    },
    {
      "cell_type": "markdown",
      "metadata": {
        "id": "5VNft6pL2SAV"
      },
      "source": [
        "**Ratings**\n",
        "\n",
        " - Team 2 has the highest rating with a rating of 18.2.\n",
        " - **Team 5** has the second highest rating with a rating of 18.\n",
        " - Team 4 has the third highest rating with a rating of -3.4.\n",
        " - Team 3 has the fourth highest rating with a rating of -8.\n",
        " - Team 1 has the lowest rating with a rating of -24.8."
      ]
    },
    {
      "cell_type": "markdown",
      "metadata": {
        "id": "UQIU1UBz0Kn_"
      },
      "source": [
        "###<b>Question 3</b>\n",
        "\n",
        "A Lehmer matrix is one whose entries are specified by the following rule:\n",
        "\n",
        "    Ai,j = i/j if j > i and Ai,j = j/i otherwise\n",
        "\n",
        "Write a function named lehmer_entry which takes two arguments and outputs the value of the entry. Then use “for loop(s)” to generate a 20 by 20 Lehmer Matrix.\n",
        "\n",
        "(Hint: First generate a 4 by 4 matrix with all the elements being 0. Then use for loop(s) and if statement to define the Lehmer matrix. Find the 4 by 4 Lehmer matrix and use the Wikipedia to check. Then you can change the code to run a 20 by 20)\n",
        "\n",
        "Is A symmetric?"
      ]
    },
    {
      "cell_type": "code",
      "metadata": {
        "id": "YNw25oGktdBz",
        "colab": {
          "base_uri": "https://localhost:8080/"
        },
        "outputId": "853be436-8f94-4c35-e700-25c021802962"
      },
      "source": [
        "def lehmer_entry(a,b):\n",
        "  Lehmer = np.zeros((a,b))\n",
        "  for i in range(a):\n",
        "    for j in range(b):\n",
        "      Lehmer[i,j] = float(i+1)/float(j+1) if j>i else float(j+1)/float(i+1)\n",
        "  return Lehmer\n",
        "lehmer_entry(4,4)\n"
      ],
      "execution_count": null,
      "outputs": [
        {
          "output_type": "execute_result",
          "data": {
            "text/plain": [
              "array([[1.        , 0.5       , 0.33333333, 0.25      ],\n",
              "       [0.5       , 1.        , 0.66666667, 0.5       ],\n",
              "       [0.33333333, 0.66666667, 1.        , 0.75      ],\n",
              "       [0.25      , 0.5       , 0.75      , 1.        ]])"
            ]
          },
          "metadata": {},
          "execution_count": 51
        }
      ]
    },
    {
      "cell_type": "code",
      "metadata": {
        "id": "oRFyVmaxtdEt",
        "colab": {
          "base_uri": "https://localhost:8080/"
        },
        "outputId": "eee6f7ce-fe86-4d41-aa83-ef45d3f280ae"
      },
      "source": [
        "A = lehmer_entry(20,20)\n",
        "A"
      ],
      "execution_count": null,
      "outputs": [
        {
          "output_type": "execute_result",
          "data": {
            "text/plain": [
              "array([[1.        , 0.5       , 0.33333333, 0.25      , 0.2       ,\n",
              "        0.16666667, 0.14285714, 0.125     , 0.11111111, 0.1       ,\n",
              "        0.09090909, 0.08333333, 0.07692308, 0.07142857, 0.06666667,\n",
              "        0.0625    , 0.05882353, 0.05555556, 0.05263158, 0.05      ],\n",
              "       [0.5       , 1.        , 0.66666667, 0.5       , 0.4       ,\n",
              "        0.33333333, 0.28571429, 0.25      , 0.22222222, 0.2       ,\n",
              "        0.18181818, 0.16666667, 0.15384615, 0.14285714, 0.13333333,\n",
              "        0.125     , 0.11764706, 0.11111111, 0.10526316, 0.1       ],\n",
              "       [0.33333333, 0.66666667, 1.        , 0.75      , 0.6       ,\n",
              "        0.5       , 0.42857143, 0.375     , 0.33333333, 0.3       ,\n",
              "        0.27272727, 0.25      , 0.23076923, 0.21428571, 0.2       ,\n",
              "        0.1875    , 0.17647059, 0.16666667, 0.15789474, 0.15      ],\n",
              "       [0.25      , 0.5       , 0.75      , 1.        , 0.8       ,\n",
              "        0.66666667, 0.57142857, 0.5       , 0.44444444, 0.4       ,\n",
              "        0.36363636, 0.33333333, 0.30769231, 0.28571429, 0.26666667,\n",
              "        0.25      , 0.23529412, 0.22222222, 0.21052632, 0.2       ],\n",
              "       [0.2       , 0.4       , 0.6       , 0.8       , 1.        ,\n",
              "        0.83333333, 0.71428571, 0.625     , 0.55555556, 0.5       ,\n",
              "        0.45454545, 0.41666667, 0.38461538, 0.35714286, 0.33333333,\n",
              "        0.3125    , 0.29411765, 0.27777778, 0.26315789, 0.25      ],\n",
              "       [0.16666667, 0.33333333, 0.5       , 0.66666667, 0.83333333,\n",
              "        1.        , 0.85714286, 0.75      , 0.66666667, 0.6       ,\n",
              "        0.54545455, 0.5       , 0.46153846, 0.42857143, 0.4       ,\n",
              "        0.375     , 0.35294118, 0.33333333, 0.31578947, 0.3       ],\n",
              "       [0.14285714, 0.28571429, 0.42857143, 0.57142857, 0.71428571,\n",
              "        0.85714286, 1.        , 0.875     , 0.77777778, 0.7       ,\n",
              "        0.63636364, 0.58333333, 0.53846154, 0.5       , 0.46666667,\n",
              "        0.4375    , 0.41176471, 0.38888889, 0.36842105, 0.35      ],\n",
              "       [0.125     , 0.25      , 0.375     , 0.5       , 0.625     ,\n",
              "        0.75      , 0.875     , 1.        , 0.88888889, 0.8       ,\n",
              "        0.72727273, 0.66666667, 0.61538462, 0.57142857, 0.53333333,\n",
              "        0.5       , 0.47058824, 0.44444444, 0.42105263, 0.4       ],\n",
              "       [0.11111111, 0.22222222, 0.33333333, 0.44444444, 0.55555556,\n",
              "        0.66666667, 0.77777778, 0.88888889, 1.        , 0.9       ,\n",
              "        0.81818182, 0.75      , 0.69230769, 0.64285714, 0.6       ,\n",
              "        0.5625    , 0.52941176, 0.5       , 0.47368421, 0.45      ],\n",
              "       [0.1       , 0.2       , 0.3       , 0.4       , 0.5       ,\n",
              "        0.6       , 0.7       , 0.8       , 0.9       , 1.        ,\n",
              "        0.90909091, 0.83333333, 0.76923077, 0.71428571, 0.66666667,\n",
              "        0.625     , 0.58823529, 0.55555556, 0.52631579, 0.5       ],\n",
              "       [0.09090909, 0.18181818, 0.27272727, 0.36363636, 0.45454545,\n",
              "        0.54545455, 0.63636364, 0.72727273, 0.81818182, 0.90909091,\n",
              "        1.        , 0.91666667, 0.84615385, 0.78571429, 0.73333333,\n",
              "        0.6875    , 0.64705882, 0.61111111, 0.57894737, 0.55      ],\n",
              "       [0.08333333, 0.16666667, 0.25      , 0.33333333, 0.41666667,\n",
              "        0.5       , 0.58333333, 0.66666667, 0.75      , 0.83333333,\n",
              "        0.91666667, 1.        , 0.92307692, 0.85714286, 0.8       ,\n",
              "        0.75      , 0.70588235, 0.66666667, 0.63157895, 0.6       ],\n",
              "       [0.07692308, 0.15384615, 0.23076923, 0.30769231, 0.38461538,\n",
              "        0.46153846, 0.53846154, 0.61538462, 0.69230769, 0.76923077,\n",
              "        0.84615385, 0.92307692, 1.        , 0.92857143, 0.86666667,\n",
              "        0.8125    , 0.76470588, 0.72222222, 0.68421053, 0.65      ],\n",
              "       [0.07142857, 0.14285714, 0.21428571, 0.28571429, 0.35714286,\n",
              "        0.42857143, 0.5       , 0.57142857, 0.64285714, 0.71428571,\n",
              "        0.78571429, 0.85714286, 0.92857143, 1.        , 0.93333333,\n",
              "        0.875     , 0.82352941, 0.77777778, 0.73684211, 0.7       ],\n",
              "       [0.06666667, 0.13333333, 0.2       , 0.26666667, 0.33333333,\n",
              "        0.4       , 0.46666667, 0.53333333, 0.6       , 0.66666667,\n",
              "        0.73333333, 0.8       , 0.86666667, 0.93333333, 1.        ,\n",
              "        0.9375    , 0.88235294, 0.83333333, 0.78947368, 0.75      ],\n",
              "       [0.0625    , 0.125     , 0.1875    , 0.25      , 0.3125    ,\n",
              "        0.375     , 0.4375    , 0.5       , 0.5625    , 0.625     ,\n",
              "        0.6875    , 0.75      , 0.8125    , 0.875     , 0.9375    ,\n",
              "        1.        , 0.94117647, 0.88888889, 0.84210526, 0.8       ],\n",
              "       [0.05882353, 0.11764706, 0.17647059, 0.23529412, 0.29411765,\n",
              "        0.35294118, 0.41176471, 0.47058824, 0.52941176, 0.58823529,\n",
              "        0.64705882, 0.70588235, 0.76470588, 0.82352941, 0.88235294,\n",
              "        0.94117647, 1.        , 0.94444444, 0.89473684, 0.85      ],\n",
              "       [0.05555556, 0.11111111, 0.16666667, 0.22222222, 0.27777778,\n",
              "        0.33333333, 0.38888889, 0.44444444, 0.5       , 0.55555556,\n",
              "        0.61111111, 0.66666667, 0.72222222, 0.77777778, 0.83333333,\n",
              "        0.88888889, 0.94444444, 1.        , 0.94736842, 0.9       ],\n",
              "       [0.05263158, 0.10526316, 0.15789474, 0.21052632, 0.26315789,\n",
              "        0.31578947, 0.36842105, 0.42105263, 0.47368421, 0.52631579,\n",
              "        0.57894737, 0.63157895, 0.68421053, 0.73684211, 0.78947368,\n",
              "        0.84210526, 0.89473684, 0.94736842, 1.        , 0.95      ],\n",
              "       [0.05      , 0.1       , 0.15      , 0.2       , 0.25      ,\n",
              "        0.3       , 0.35      , 0.4       , 0.45      , 0.5       ,\n",
              "        0.55      , 0.6       , 0.65      , 0.7       , 0.75      ,\n",
              "        0.8       , 0.85      , 0.9       , 0.95      , 1.        ]])"
            ]
          },
          "metadata": {},
          "execution_count": 52
        }
      ]
    },
    {
      "cell_type": "markdown",
      "metadata": {
        "id": "ZW6Wi9MBkrIx"
      },
      "source": [
        "From the above matrix, we can see that matrix A (Lehmer matrix) is **symmetric**."
      ]
    },
    {
      "cell_type": "markdown",
      "metadata": {
        "id": "Q7d4zEaTFtkO"
      },
      "source": [
        "###Question 4\n",
        "\n",
        "Going back to the Lehmer matrix problem.\n",
        "\n",
        " \n",
        "\n",
        "    Calculate the inverse of A and assign it to C.\n",
        "    Assign [1 2 3 4 5 6 7 8 9 10 10 9 8 7 6 5 4 3 2 1] to d.\n",
        "    Solve for x in the equation Ax = Cd\n",
        "    What is x10 ? Round to 1 decimal place.  Be careful if the answer you get is in scientific notation."
      ]
    },
    {
      "cell_type": "code",
      "metadata": {
        "colab": {
          "base_uri": "https://localhost:8080/"
        },
        "id": "7Gva8Bd0E8Hx",
        "outputId": "5443a73a-0948-4050-aeaa-9c01df7320a1"
      },
      "source": [
        "C = np.linalg.inv(A)\n",
        "C"
      ],
      "execution_count": null,
      "outputs": [
        {
          "output_type": "execute_result",
          "data": {
            "text/plain": [
              "array([[ 1.33333333e+00, -6.66666667e-01,  0.00000000e+00,\n",
              "        -1.05735526e-16,  7.40148683e-17, -3.70074342e-17,\n",
              "        -1.11022302e-16, -2.09541178e-31, -6.23283102e-17,\n",
              "         2.14995570e-16, -2.30089699e-16,  1.11022302e-16,\n",
              "        -3.70074342e-17, -1.49943914e-17,  1.85037171e-16,\n",
              "         1.12143740e-18, -1.11022302e-16,  5.55111512e-17,\n",
              "        -1.00584308e-16,  1.04379942e-17],\n",
              "       [-6.66666667e-01,  2.13333333e+00, -1.20000000e+00,\n",
              "        -2.96059473e-16, -9.07915718e-16,  2.96059473e-16,\n",
              "        -4.14483263e-17,  8.88178420e-17,  1.18813341e-16,\n",
              "        -3.66549824e-16,  3.15367700e-17,  1.08357767e-16,\n",
              "         1.18423789e-16, -1.61428980e-16, -1.02188270e-16,\n",
              "        -4.58443609e-16,  9.76996262e-16, -6.21724894e-16,\n",
              "         2.87139733e-16, -1.34745017e-16],\n",
              "       [ 3.30631075e-33, -1.20000000e+00,  3.08571429e+00,\n",
              "        -1.71428571e+00,  4.73695157e-16, -6.47833435e-16,\n",
              "         4.42820384e-16, -1.27629000e-16, -2.61695427e-16,\n",
              "         1.22351109e-16,  1.14980489e-15, -8.70541734e-16,\n",
              "        -3.84701089e-16,  6.48496035e-16, -1.63924174e-16,\n",
              "         1.36917894e-15, -2.31311569e-15,  1.31323523e-15,\n",
              "         6.86874245e-17, -1.54943213e-16],\n",
              "       [ 7.60912412e-33,  1.83274912e-16, -1.71428571e+00,\n",
              "         4.06349206e+00, -2.22222222e+00,  1.67485073e-15,\n",
              "        -7.39371216e-16, -6.33954861e-16,  1.96512258e-15,\n",
              "        -1.11216340e-15, -1.77822330e-15,  1.89195378e-15,\n",
              "         7.65671051e-17, -1.78661283e-16, -8.63907310e-16,\n",
              "        -1.02143911e-15,  1.81180342e-15, -4.46546615e-16,\n",
              "        -7.32665861e-16,  2.31642137e-16],\n",
              "       [-1.98818223e-33, -6.11183382e-16,  1.98494420e-15,\n",
              "        -2.22222222e+00,  5.05050505e+00, -2.72727273e+00,\n",
              "         1.63212274e-15,  1.13751133e-15, -3.64104337e-15,\n",
              "         3.22199645e-15, -4.05423999e-16, -4.98591067e-16,\n",
              "         1.39972001e-16, -9.49064736e-16,  2.19295275e-15,\n",
              "        -1.07182229e-15,  6.11744101e-16, -4.74565029e-16,\n",
              "        -2.43265651e-16,  6.42669894e-16],\n",
              "       [-5.88791993e-33,  5.34149259e-16, -1.75850011e-15,\n",
              "         2.97943488e-15, -2.72727273e+00,  6.04195804e+00,\n",
              "        -3.23076923e+00, -1.60679550e-15,  6.42157382e-15,\n",
              "        -5.99276428e-15,  2.42574786e-15,  1.62722982e-15,\n",
              "        -3.74577344e-15,  1.53241297e-15, -1.66751341e-15,\n",
              "         2.95264272e-15, -3.80042318e-15,  3.01293042e-15,\n",
              "         9.12067027e-16, -1.93879937e-15],\n",
              "       [ 3.13857445e-32, -3.20161751e-16,  7.49258205e-16,\n",
              "        -8.28966525e-16,  3.98541599e-16, -3.23076923e+00,\n",
              "         7.03589744e+00, -3.73333333e+00, -9.92720235e-15,\n",
              "         1.00459052e-14, -2.16858613e-15, -9.67451760e-15,\n",
              "         1.05653378e-14, -1.69393922e-15, -4.57294344e-16,\n",
              "        -5.44794288e-16,  9.28886597e-16, -2.94427992e-15,\n",
              "        -2.88493022e-15,  5.29712880e-15],\n",
              "       [-1.11579739e-31,  2.94898456e-16, -4.42347684e-16,\n",
              "        -1.10064463e-15,  2.51650552e-15, -3.99904199e-15,\n",
              "        -3.73333333e+00,  8.03137255e+00, -4.23529412e+00,\n",
              "        -1.09715751e-14,  5.91745654e-15,  5.36334257e-15,\n",
              "        -8.26435354e-15,  2.76194838e-15,  2.40010032e-15,\n",
              "        -4.16937985e-15,  4.03204806e-15, -1.97285299e-15,\n",
              "         6.74711948e-15, -6.99004008e-15],\n",
              "       [ 8.96402244e-32, -7.11505158e-17, -2.87695564e-16,\n",
              "         3.27168633e-15, -4.87329475e-15,  3.74313583e-15,\n",
              "        -6.36101079e-15, -4.23529412e+00,  9.02786378e+00,\n",
              "        -4.73684211e+00, -8.06973536e-15,  7.59145069e-15,\n",
              "        -3.22627374e-15,  4.52920502e-15, -1.05272826e-14,\n",
              "         4.88407513e-15,  1.31367716e-15,  1.18054675e-16,\n",
              "        -1.53263129e-15,  1.34765581e-16],\n",
              "       [ 7.26931742e-17, -2.35818048e-16,  9.70401704e-16,\n",
              "        -3.83486058e-15,  4.55126515e-15, -3.65701820e-15,\n",
              "         6.96011057e-15, -1.40031555e-14, -4.73684211e+00,\n",
              "         1.00250627e+01, -5.23809524e+00, -5.39983655e-15,\n",
              "        -1.07482945e-15, -5.63008095e-15,  1.51247579e-14,\n",
              "        -8.10613738e-15, -5.15571991e-15,  1.02653704e-14,\n",
              "        -6.49995234e-15,  2.92998708e-15],\n",
              "       [-1.52971723e-16, -6.82683723e-17,  3.64097986e-16,\n",
              "         8.79903465e-16, -1.12094982e-15,  1.18259604e-15,\n",
              "        -7.43998835e-16,  5.77106545e-15, -1.45356007e-14,\n",
              "        -5.23809524e+00,  1.10227743e+01, -5.73913043e+00,\n",
              "         1.60669361e-14, -1.45161403e-14,  7.43448284e-16,\n",
              "         5.64451484e-15,  7.26653612e-15, -1.32096909e-14,\n",
              "        -9.82014279e-16,  3.28602322e-15],\n",
              "       [ 7.96464344e-17,  2.70508253e-16, -1.14517091e-15,\n",
              "         1.75488609e-15, -2.21291584e-15,  3.35615593e-15,\n",
              "        -6.22400682e-15,  4.67259082e-15,  3.87168558e-15,\n",
              "        -6.27692891e-15, -5.73913043e+00,  1.20208696e+01,\n",
              "        -6.24000000e+00,  2.63998482e-14, -1.20123569e-14,\n",
              "         1.28767551e-14, -2.30240487e-14, -1.28395164e-15,\n",
              "         2.99936961e-14, -1.49095155e-14],\n",
              "       [-2.37625637e-31,  6.69971623e-17,  1.59296444e-16,\n",
              "        -1.25641061e-15,  2.48816057e-15, -5.89473209e-15,\n",
              "         8.76932272e-15, -6.97293161e-15,  4.86655983e-15,\n",
              "        -7.77529930e-15,  9.40739941e-15, -6.24000000e+00,\n",
              "         1.30192593e+01, -6.74074074e+00,  1.88267573e-15,\n",
              "        -1.05906098e-14,  1.55511169e-14,  1.82000739e-14,\n",
              "        -4.01837685e-14,  1.67246189e-14],\n",
              "       [ 2.25812338e-31, -3.26379102e-16,  4.89568652e-16,\n",
              "         1.03640666e-15, -3.75989387e-15,  7.51704644e-15,\n",
              "        -1.01084885e-14,  1.11777260e-14, -1.04194502e-14,\n",
              "         1.60377665e-14, -2.53674145e-14,  1.62017085e-14,\n",
              "        -6.74074074e+00,  1.40178799e+01, -7.24137931e+00,\n",
              "        -1.29863994e-14,  1.81696748e-14, -1.81022035e-14,\n",
              "         1.72716375e-14, -5.76215821e-15],\n",
              "       [-2.19894108e-31,  2.72924681e-16, -4.09387022e-16,\n",
              "        -1.65977725e-15,  5.53876559e-15, -6.96407813e-15,\n",
              "         6.84426561e-15, -9.14729916e-15,  4.80816721e-15,\n",
              "        -5.61858848e-15,  2.00963952e-14, -1.40511088e-14,\n",
              "         2.73101103e-16, -7.24137931e+00,  1.50166852e+01,\n",
              "        -7.74193548e+00, -8.33537349e-15, -1.29652074e-14,\n",
              "        -1.92605218e-17,  8.51581053e-15],\n",
              "       [ 5.71933073e-17, -2.62271650e-16,  5.64987397e-16,\n",
              "        -1.40129029e-16, -2.57742490e-15,  3.74570427e-15,\n",
              "        -8.68101073e-16, -3.82851493e-15,  8.51192691e-15,\n",
              "        -7.00881931e-15, -7.08531384e-15,  2.15319988e-14,\n",
              "        -1.68039487e-14,  1.32337138e-14, -7.74193548e+00,\n",
              "         1.60156403e+01, -8.24242424e+00,  5.08538442e-14,\n",
              "        -2.57299925e-15, -2.44852204e-14],\n",
              "       [-1.18063327e-16,  5.55319779e-16, -1.18716965e-15,\n",
              "         9.19668382e-16,  2.42771972e-15, -5.76555226e-15,\n",
              "         3.01510861e-15,  7.06527990e-15, -1.17262621e-14,\n",
              "         2.81658469e-15,  1.78276986e-14, -3.71671022e-14,\n",
              "         1.88870976e-14,  3.01697420e-15,  1.77748629e-15,\n",
              "        -8.24242424e+00,  1.70147186e+01, -8.74285714e+00,\n",
              "        -2.18359925e-14,  3.32960999e-14],\n",
              "       [ 6.06657581e-17, -3.64508938e-16,  5.36347029e-16,\n",
              "         1.28707855e-15, -4.57124686e-15,  6.70384873e-15,\n",
              "        -5.82815649e-15,  6.64933574e-16,  3.01226225e-15,\n",
              "         4.29491472e-15, -2.42935659e-14,  3.52730022e-14,\n",
              "        -1.53187997e-14, -4.80603974e-15,  4.93273376e-15,\n",
              "         3.60992181e-15, -8.74285714e+00,  1.80138996e+01,\n",
              "        -9.24324324e+00, -2.05863474e-14],\n",
              "       [-3.18722231e-31,  8.96590366e-17,  5.84732847e-17,\n",
              "        -1.17414356e-15,  2.67856372e-15, -1.20246133e-15,\n",
              "        -4.58119913e-15,  3.36432541e-15,  4.29223147e-15,\n",
              "        -4.23638948e-15,  1.48393015e-14, -3.30475263e-14,\n",
              "         3.44689572e-14, -1.48726800e-14, -1.86931782e-14,\n",
              "         8.76480142e-15,  1.77047361e-14, -9.24324324e+00,\n",
              "         1.90131670e+01, -9.74358974e+00],\n",
              "       [ 1.17201891e-31, -1.04379942e-16,  1.67245135e-16,\n",
              "        -1.05328851e-16, -5.74089684e-16, -1.05328851e-15,\n",
              "         7.09902222e-15, -5.78517924e-15, -2.56774659e-15,\n",
              "         1.67698023e-15, -6.34345378e-15,  2.05270821e-14,\n",
              "        -2.75685051e-14,  1.76838601e-14,  1.15078887e-14,\n",
              "        -1.29609747e-14, -4.82045553e-15, -1.20641239e-14,\n",
              "        -9.74358974e+00,  1.02564103e+01]])"
            ]
          },
          "metadata": {},
          "execution_count": 53
        }
      ]
    },
    {
      "cell_type": "code",
      "metadata": {
        "id": "-Sbeufw1E8Kb"
      },
      "source": [
        "D = np.array([1,2,3,4,5,6,7,8,9,10,10,9,8,7,6,5,4,3,2,1]) #assigning D"
      ],
      "execution_count": null,
      "outputs": []
    },
    {
      "cell_type": "code",
      "metadata": {
        "colab": {
          "base_uri": "https://localhost:8080/"
        },
        "id": "QUTKXET0E8Mz",
        "outputId": "30be6ae4-a3f3-4a1d-9156-6c9a4f67e537"
      },
      "source": [
        "C@D #multiplying matrices C*D"
      ],
      "execution_count": null,
      "outputs": [
        {
          "output_type": "execute_result",
          "data": {
            "text/plain": [
              "array([ 0.00000000e+00, -4.44089210e-15,  3.55271368e-15,  0.00000000e+00,\n",
              "        3.55271368e-15,  2.13162821e-14, -2.84217094e-14,  2.84217094e-14,\n",
              "       -2.84217094e-14,  5.23809524e+00,  6.19461698e+00,  8.76521739e-01,\n",
              "        8.08888889e-01,  7.50957854e-01,  7.00778643e-01,  6.56891496e-01,\n",
              "        6.18181818e-01,  5.83783784e-01,  5.53014553e-01, -9.23076923e+00])"
            ]
          },
          "metadata": {},
          "execution_count": 55
        }
      ]
    },
    {
      "cell_type": "code",
      "metadata": {
        "colab": {
          "base_uri": "https://localhost:8080/"
        },
        "id": "2hJ7eqNtE8PO",
        "outputId": "267c2584-d6e9-4ba1-d118-9abba34e69a2"
      },
      "source": [
        "#solving for Ax = C*D\n",
        "x = np.linalg.solve(A,C@D) \n",
        "x"
      ],
      "execution_count": null,
      "outputs": [
        {
          "output_type": "execute_result",
          "data": {
            "text/plain": [
              "array([ 2.36847579e-15, -1.43292785e-14,  2.25917387e-14, -2.91360470e-14,\n",
              "       -3.45973556e-14,  2.21485798e-13, -3.94494813e-13,  4.98702462e-13,\n",
              "       -2.48120301e+01,  2.00642393e+01,  3.58137507e+01, -3.00626280e+01,\n",
              "       -3.73699570e-04, -2.77204399e-04, -2.09968769e-04, -1.61954093e-04,\n",
              "       -1.26922826e-04, -1.00877938e-04,  9.50593309e+01, -1.00062903e+02])"
            ]
          },
          "metadata": {},
          "execution_count": 56
        }
      ]
    },
    {
      "cell_type": "code",
      "metadata": {
        "colab": {
          "base_uri": "https://localhost:8080/"
        },
        "id": "sQCY9hFeE8R6",
        "outputId": "ad730f93-d0b5-4ec4-a6d4-649422b66be9"
      },
      "source": [
        "round(x[9],1) #finding the 10th element (x10)."
      ],
      "execution_count": null,
      "outputs": [
        {
          "output_type": "execute_result",
          "data": {
            "text/plain": [
              "20.1"
            ]
          },
          "metadata": {},
          "execution_count": 57
        }
      ]
    },
    {
      "cell_type": "markdown",
      "metadata": {
        "id": "ffM8korZlOWx"
      },
      "source": [
        "##### **THE END**#####"
      ]
    }
  ]
}